just with 'w' features

{"format": [50, 5, 0, 0.9090909090909091, 1.0, 0.9523809523809523], "others": [15, 39, 15, 0.2777777777777778, 0.5, 0.35714285714285715], "description": [7, 76, 39, 0.08433734939759036, 0.15217391304347827, 0.10852713178294573], "grading": [43, 8, 6, 0.8431372549019608, 0.8775510204081632, 0.86], "requisite": [4, 60, 31, 0.0625, 0.11428571428571428, 0.08080808080808081]}
train_data
{"format": [158, 0, 0, 1.0, 1.0, 1.0], "description": [66, 104, 89, 0.38823529411764707, 0.4258064516129032, 0.4061538461538462], "grading": [136, 22, 22, 0.8607594936708861, 0.8607594936708861, 0.8607594936708861], "others": [104, 54, 48, 0.6582278481012658, 0.6842105263157895, 0.6709677419354839], "requisite": [105, 19, 3, 0.8467741935483871, 0.9722222222222222, 0.9051724137931034]}


'w', 'pos', 'lemma'

test_data
{"format": [50, 1, 0, 0.9803921568627451, 1.0, 0.99009900990099], "others": [14, 44, 16, 0.2413793103448276, 0.4666666666666667, 0.3181818181818182], "description": [12, 55, 34, 0.1791044776119403, 0.2608695652173913, 0.21238938053097345], "grading": [43, 6, 6, 0.8775510204081632, 0.8775510204081632, 0.8775510204081631], "requisite": [14, 47, 21, 0.22950819672131148, 0.4, 0.2916666666666667]}
train_data
{"format": [158, 0, 0, 1.0, 1.0, 1.0], "description": [66, 104, 89, 0.38823529411764707, 0.4258064516129032, 0.4061538461538462], "grading": [136, 22, 22, 0.8607594936708861, 0.8607594936708861, 0.8607594936708861], "others": [102, 56, 50, 0.6455696202531646, 0.6710526315789473, 0.6580645161290323], "requisite": [105, 19, 3, 0.8467741935483871, 0.9722222222222222, 0.9051724137931034]}

'w', 'pos', 'lemma', 'stop','alpha'
test_data
{"format": [50, 0, 0, 1.0, 1.0, 1.0], "others": [14, 43, 16, 0.24561403508771928, 0.4666666666666667, 0.3218390804597701], "description": [13, 53, 33, 0.19696969696969696, 0.2826086956521739, 0.23214285714285715], "grading": [43, 6, 6, 0.8775510204081632, 0.8775510204081632, 0.8775510204081631], "requisite": [15, 47, 20, 0.24193548387096775, 0.42857142857142855, 0.3092783505154639]}
train_data
{"format": [158, 0, 0, 1.0, 1.0, 1.0], "description": [66, 102, 89, 0.39285714285714285, 0.4258064516129032, 0.4086687306501548], "grading": [136, 22, 22, 0.8607594936708861, 0.8607594936708861, 0.8607594936708861], "others": [102, 54, 50, 0.6538461538461539, 0.6710526315789473, 0.6623376623376623], "requisite": [105, 19, 3, 0.8467741935483871, 0.9722222222222222, 0.9051724137931034]}

'w', 'pos', 'lemma', 'stop','alpha', 'shape', 'tag', 'dep'

test_data
{"format": [50, 0, 0, 1.0, 1.0, 1.0], "others": [14, 43, 16, 0.24561403508771928, 0.4666666666666667, 0.3218390804597701], "description": [13, 53, 33, 0.19696969696969696, 0.2826086956521739, 0.23214285714285715], "grading": [43, 6, 6, 0.8775510204081632, 0.8775510204081632, 0.8775510204081631], "requisite": [15, 47, 20, 0.24193548387096775, 0.42857142857142855, 0.3092783505154639]}
train_data
{"format": [158, 0, 0, 1.0, 1.0, 1.0], "description": [66, 102, 89, 0.39285714285714285, 0.4258064516129032, 0.4086687306501548], "grading": [136, 22, 22, 0.8607594936708861, 0.8607594936708861, 0.8607594936708861], "others": [102, 54, 50, 0.6538461538461539, 0.6710526315789473, 0.6623376623376623], "requisite": [105, 19, 3, 0.8467741935483871, 0.9722222222222222, 0.9051724137931034]}